3,2
3,1
3,3
10,197
10,247
10,173
10,315
10,113
10,195
10,93
10,11
10,2
10,3
11,22
11,5
11,20
11,11
11,14
11,2
9,7
9,5
9,2
9,3
8,7
8,9
8,4
8,12
8,2
8,3
0,318
2,2
2,1
2,3
36,7
36,6
36,5
36,4
36,3
36,1
35,5
35,4
35,3
35,1
34,105
34,104
34,103
34,102
34,101
34,100
34,99
34,98
34,97
34,96
34,95
34,94
34,93
34,92
34,91
34,90
34,89
34,88
34,87
34,86
34,85
34,84
34,83
34,82
34,81
34,80
34,79
34,78
34,77
34,76
34,75
34,74
34,73
34,72
34,71
34,70
34,69
34,68
34,67
34,66
34,65
34,64
34,37
34,36
34,35
34,34
34,33
34,32
34,31
34,30
34,29
34,28
34,27
34,26
34,25
34,24
34,23
34,22
34,21
34,20
34,19
34,18
34,17
34,16
34,15
34,14
34,13
34,12
34,11
34,1
20,3
20,2
20,1
19,3
19,2
19,1
